100050588839428
111001877302634
100050673766989
100053042833855
100015452178362
100054933758570
100051462642771
100028259615379
100052793645778
100041613061101
100029928193234
100034986172296
100034716402529
100048137391500
100022850363177
100015242895935
100026975056402
100041613061101
100029928193234
100034986172296
100034716402529
100048137391500
100022850363177
100015242895935
100026975056402
100041613061101
100029928193234
100034986172296
100034716402529
100048137391500
100022850363177
100015242895935
100026975056402
100009729307337
100013242003426
111309287056828
100007388174440
100011580570634
100013726986913
100010856354200
100009729307337
100013242003426
111309287056828
100007388174440
100011580570634
100013726986913
100010856354200
100300181673048
100024548198327
100300181673048
100024548198327
100005915522444
100025860219490
100034038864372
100042705579897
1907636349461727
100050762883807
100014582594037
100017602508823
100018032413518
100054001891309
100049593761278
100012434621836
100011278269272
100048783545550
100017602508823
100006751831908
100024548198327
100005915522444
100012536734192
100013901559353
100042705579897
100019356830052
100354815112033
100019356830052
100354815112033
658659961316973
100019036535038
100023082912542
100016588482557
100000373912948
100042705579897
647511988603361
100023796710352
100006672217885
100035086181569
100049161738280
100041206118452
100041478352569
100046650908741
100047982041358
100041346696047
100022939011801
